45 12 78 23 91 56 34 67 89 21 43 76 98
17 63 29 84 52 19 75 38 96 41 87 14 72
88 25 61 39 74 16 92 47 83 55 28 69 35
53 97 32 68 44 81 27 59 13 86 49 71 24
79 36 64 15 93 57 42 18 85 62 37 94 51
26 73 48 95 31 67 22 89 54 11 78 46 82
68 43 17 86 59 34 71 25 98 63 29 75 41
92 58 33 77 14 88 65 49 12 79 56 23 87
37 84 69 28 96 45 81 52 19 74 38 91 66
54 22 76 41 83 57 32 94 68 15 89 63 27
71 48 13 85 26 79 44 16 97 58 34 82 59
38 95 64 19 72 53 87 31 75 42 18 69 46
83 57 24 91 65 38 74 21 86 49 12 78 35